-46.0000       -45.9865   -45.973    -45.9595   -45.946    -45.9325
 -45.919    -45.9055   -45.892    -45.8785   -45.865    -45.8515
 -45.838    -45.8245   -45.811    -45.7975   -45.784    -45.7705
 -45.757    -45.7435   -45.73     -45.7165   -45.703    -45.6895
 -45.676    -45.6625   -45.649    -45.6355   -45.622    -45.6085
 -45.595    -45.5815   -45.568    -45.5545   -45.541    -45.5275
 -45.514    -45.5005   -45.487    -45.4735   -45.46     -45.4465
 -45.433    -45.4195   -45.406    -45.3925   -45.379    -45.3655
 -45.352    -45.3385   -45.325    -45.3115   -45.298    -45.2845
 -45.271    -45.2575   -45.244    -45.2305   -45.217    -45.2035
 -45.19     -45.1765   -45.163    -45.1495   -45.136    -45.1225
 -45.109    -45.0955   -45.082    -45.0685   -45.055    -45.0415
 -45.028    -45.0145   -45.001    -44.9875   -44.974    -44.9605
 -44.947    -44.9335   -44.92     -44.9065   -44.893    -44.8795
 -44.866    -44.8525   -44.839    -44.8255   -44.812    -44.7985
 -44.785    -44.7715   -44.758    -44.7445   -44.731    -44.7175
 -44.704    -44.6905   -44.677    -44.6635   -44.65     -44.6365
 -44.623    -44.6095   -44.596    -44.5825   -44.569    -44.5555
 -44.542    -44.5285   -44.515    -44.5015   -44.488    -44.4745
 -44.461    -44.4475   -44.434    -44.4205   -44.407    -44.3935
 -44.38     -44.3665   -44.353    -44.3395   -44.326    -44.3125
 -44.299    -44.2855   -44.272    -44.2585   -44.245    -44.2315
 -44.218    -44.2045   -44.191    -44.1775   -44.164    -44.1505
 -44.137    -44.1235   -44.11     -44.0965   -44.083    -44.0695
 -44.056    -44.0425   -44.029    -44.0155   -44.002    -43.9885
 -43.975    -43.9615   -43.947998 -43.9345   -43.921    -43.9075
 -43.894    -43.8805   -43.867    -43.8535   -43.84     -43.8265
 -43.813    -43.7995   -43.786    -43.7725   -43.759    -43.7455
 -43.732    -43.7185   -43.705    -43.6915   -43.678    -43.6645
 -43.651    -43.6375   -43.624    -43.6105   -43.597    -43.5835
 -43.57     -43.5565   -43.543    -43.5295   -43.516    -43.5025
 -43.489    -43.4755   -43.461998 -43.4485   -43.435    -43.4215
 -43.408    -43.3945   -43.381    -43.3675   -43.354    -43.3405
 -43.327    -43.3135   -43.3      -43.2865   -43.273    -43.2595
 -43.246    -43.2325   -43.219    -43.2055   -43.192    -43.1785
 -43.165    -43.1515   -43.138    -43.1245   -43.111    -43.0975
 -43.084    -43.0705   -43.057    -43.0435   -43.03     -43.0165
 -43.003    -42.9895   -42.975998 -42.9625   -42.949    -42.9355
 -42.922    -42.9085   -42.895    -42.8815   -42.868    -42.8545
 -42.841    -42.8275   -42.814    -42.8005   -42.787    -42.7735
 -42.76     -42.7465   -42.733    -42.7195   -42.706    -42.6925
 -42.679    -42.6655   -42.652    -42.6385   -42.625    -42.6115
 -42.598    -42.5845   -42.571    -42.5575   -42.544    -42.5305
 -42.517    -42.5035   -42.49     -42.4765   -42.463    -42.4495
 -42.436    -42.4225   -42.409    -42.3955   -42.382    -42.3685
 -42.355    -42.3415   -42.328    -42.3145   -42.301    -42.2875
 -42.274    -42.260498 -42.247    -42.2335   -42.22     -42.2065
 -42.193    -42.1795   -42.166    -42.1525   -42.139    -42.1255
 -42.112    -42.0985   -42.085    -42.0715   -42.058    -42.0445
 -42.031    -42.0175   -42.004    -41.9905   -41.977    -41.9635
 -41.95     -41.9365   -41.923    -41.9095   -41.896    -41.8825
 -41.869    -41.8555   -41.842    -41.8285   -41.815    -41.8015
 -41.788002 -41.774498 -41.761    -41.7475   -41.734    -41.7205
 -41.707    -41.6935   -41.68     -41.6665   -41.653    -41.6395
 -41.626    -41.6125   -41.599    -41.5855   -41.572    -41.5585
 -41.545    -41.5315   -41.517998 -41.5045   -41.491    -41.4775
 -41.464    -41.4505   -41.437    -41.4235   -41.41     -41.3965
 -41.383    -41.3695   -41.356    -41.3425   -41.329    -41.3155
 -41.302002 -41.288498 -41.275    -41.2615   -41.248    -41.2345
 -41.221    -41.2075   -41.194    -41.1805   -41.167    -41.1535
 -41.14     -41.1265   -41.113    -41.0995   -41.086    -41.0725
 -41.059    -41.0455   -41.032    -41.0185   -41.005    -40.9915
 -40.978    -40.9645   -40.951    -40.9375   -40.924    -40.9105
 -40.897    -40.8835   -40.87     -40.8565   -40.843    -40.8295
 -40.816    -40.802498 -40.789    -40.7755   -40.762    -40.7485
 -40.735    -40.7215   -40.708    -40.6945   -40.681    -40.6675
 -40.654    -40.6405   -40.627    -40.6135   -40.6      -40.5865
 -40.572998 -40.5595   -40.546    -40.5325   -40.519    -40.5055
 -40.492    -40.4785   -40.465    -40.4515   -40.438    -40.4245
 -40.411    -40.3975   -40.384    -40.3705   -40.357    -40.3435
 -40.33     -40.316498 -40.303    -40.2895   -40.276    -40.2625
 -40.249    -40.2355   -40.222    -40.2085   -40.195    -40.1815
 -40.168    -40.1545   -40.141    -40.1275   -40.114    -40.1005
 -40.086998 -40.0735   -40.06     -40.0465   -40.033    -40.0195
 -40.006    -39.9925   -39.979    -39.9655   -39.952    -39.9385
 -39.925    -39.9115   -39.898    -39.8845   -39.871    -39.8575
 -39.844    -39.830498 -39.817    -39.8035   -39.79     -39.7765
 -39.763    -39.7495   -39.736    -39.7225   -39.709    -39.6955
 -39.682    -39.6685   -39.655    -39.6415   -39.628    -39.614502
 -39.600998 -39.5875   -39.574    -39.5605   -39.547    -39.5335
 -39.52     -39.5065   -39.493    -39.4795   -39.466    -39.4525
 -39.439    -39.4255   -39.412    -39.3985   -39.385    -39.3715
 -39.358    -39.3445   -39.331    -39.3175   -39.304    -39.2905
 -39.277    -39.2635   -39.25     -39.2365   -39.223    -39.2095
 -39.196    -39.1825   -39.169    -39.1555  